0 0 0 0 0 0 0 0 0 0 0 0 0 0 0 0 0 0 0 0 0 0 0 0 0 0 0 0 0 0 0 0 0 0 0 0 0 0 0 0 1 1 0 0 0 0 0 0 0 0 0 0 0 0 0 0 0 0 0 0 0 0 0 0 0 0 0 0 0 0 0 0 1 1 1 1 1 1 1 1 0 0 0 0 0 0 0 0 0 0 0 0 1 1 1 1 0 0 0 0
0 0 0 0 0 0 0 0 0 0 0 0 0 0 0 0 3 2 3 2 5 4 5 6 4 4 3 3 4 4 3 3 3 3 3 3 4 4 5 4 3 3 2 2 1 1 1 1 1 1 1 1 1 1 1 1 1 1 1 1 1 1 1 1 1 1 1 1 1 1 1 1 3 3 3 3 3 3 3 3 3 3 4 4 4 4 4 4 4 4 3 3 4 4 3 3 3 3 3 3
0 0 0 0 0 0 0 0 0 0 0 0 0 0 0 0 6 4 6 4 9 8 10 11 8 8 5 5 8 8 5 5 5 5 5 5 8 8 9 8 5 5 4 4 2 2 2 2 2 2 2 2 2 2 2 2 2 2 2 2 2 2 2 2 2 2 2 2 2 2 2 2 5 5 5 5 5 5 5 5 5 5 8 8 8 8 8 8 8 8 5 5 6 6 5 5 5 5 5 5
0 0 0 0 0 0 0 0 0 5 5 5 7 0 4 4 8 6 6 5 11 10 12 12 10 10 9 9 10 10 9 8 8 7 7 7 9 9 10 8 7 7 5 5 4 4 4 4 4 4 4 4 4 4 4 4 4 4 4 4 4 4 4 4 4 4 4 4 4 4 4 4 7 7 7 7 7 7 7 7 7 7 9 8 9 8 9 8 9 8 7 7 8 7 5 5 7 7 7 7
0 0 0 0 0 0 0 0 0 9 9 9 13 0 8 8 10 8 5 5 12 12 13 13 12 12 12 12 12 12 12 11 10 8 9 9 9 9 10 8 8 8 5 5 5 5 5 5 5 5 5 5 5 5 5 5 5 5 5 5 5 5 5 5 5 5 5 5 5 5 5 5 9 9 9 9 9 9 9 9 9 8 9 8 9 8 9 8 9 8 9 8 9 8 5 5 8 8 8 8
0 0 0 0 0 0 0 3 12 23 36 34 30 20 27 24 22 20 15 15 18 24 24 27 23 22 18 24 23 26 29 25 28 24 21 21 17 15 14 11 13 11 9 9 8 8 7 7 7 7 7 7 8 7 7 7 7 7 7 7 7 7 7 7 7 7 7 7 7 7 7 7 10 10 10 10 10 10 9 9 9 8 10 8 9 9 10 9 11 10 9 9 11 10 9 8 10 10 10 10
0 0 0 0 0 0 0 5 23 36 62 58 46 39 46 39 33 32 24 24 23 36 34 40 33 32 23 36 34 40 46 39 46 39 33 32 25 21 18 14 18 14 13 12 10 10 9 9 9 9 9 9 10 8 8 8 8 8 8 8 8 8 8 8 8 8 8 8 8 8 8 8 10 10 10 10 10 10 9 9 8 8 10 8 9 9 10 10 12 11 9 9 12 11 12 11 12 12 12 12
0 0 0 0 0 0 0 15 52 91 129 130 112 106 112 106 91 74 65 65 73 93 102 104 89 86 84 97 95 99 106 105 108 104 91 74 53 46 42 39 36 33 24 21 16 15 14 14 13 13 13 13 14 11 11 11 10 10 10 10 10 10 10 10 10 10 10 10 10 10 10 10 10 10 10 10 10 10 10 10 8 8 10 8 25 25 32 33 32 28 26 26 27 27 27 27 27 27 32 29
0 0 0 0 0 0 0 24 80 146 195 201 177 173 177 173 148 116 105 106 122 149 170 168 144 139 144 158 156 158 166 171 170 168 148 116 80 71 66 63 53 51 34 30 22 20 19 18 16 16 16 17 17 14 14 14 12 12 12 12 12 12 12 12 12 12 12 12 12 12 11 11 10 10 10 10 10 10 10 10 8 8 9 8 40 41 53 56 51 45 42 42 42 42 42 42 42 42 51 45
0 0 0 0 0 0 1 36 95 155 200 203 189 187 183 184 167 150 138 137 148 164 174 177 167 164 167 173 171 171 167 170 168 167 155 138 94 86 66 62 52 49 31 31 28 25 23 22 19 17 17 18 18 15 15 16 13 13 12 12 12 12 12 12 13 13 13 13 13 13 12 12 11 11 11 11 11 11 11 11 10 10 11 10 37 38 54 59 46 43 42 42 42 42 48 52 48 52 53 53
0 0 0 0 0 0 1 47 109 164 205 205 201 200 189 194 186 183 170 168 174 178 178 186 189 188 189 188 186 183 168 168 166 165 162 159 108 101 65 60 51 47 28 31 34 30 27 26 22 18 18 18 19 16 16 17 14 14 12 12 12 12 12 12 13 13 13 13 13 13 12 12 12 12 12 12 12 12 11 11 12 12 12 12 34 35 54 61 41 41 41 41 41 41 54 61 54 61 54 61
0 0 0 0 0 0 1 47 109 164 202 202 202 200 194 196 191 188 180 178 182 186 184 190 192 191 194 193 192 191 173 171 172 169 166 164 136 130 87 81 51 46 34 36 35 32 31 28 25 22 21 21 19 17 16 17 14 14 12 12 12 12 12 12 14 14 14 14 14 14 12 12 12 12 12 12 12 12 11 11 10 10 11 12 25 26 37 42 32 32 30 30 34 33 40 43 41 45 40 43
0 0 0 0 0 0 1 47 109 164 198 198 202 200 198 198 195 193 189 188 189 194 189 194 195 193 198 198 198 198 177 173 177 173 170 168 163 159 108 101 51 45 40 41 35 34 34 30 27 26 23 23 19 18 16 16 14 14 12 12 12 12 12 12 14 14 14 14 14 14 12 12 12 12 12 12 12 12 11 11 8 8 10 11 16 17 20 23 22 22 19 19 26 24 26 24 28 29 26 24
0 0 0 0 0 0 1 47 104 160 195 204 204 203 197 197 198 197 194 193 194 196 197 200 199 197 198 198 198 198 190 187 186 187 183 181 171 169 119 113 68 63 47 49 39 38 37 36 31 30 26 27 23 22 18 18 17 17 14 14 14 14 13 13 14 14 13 13 14 14 12 12 12 12 12 12 13 13 12 12 11 11 14 13 16 17 17 19 20 20 19 19 23 24 26 24 28 29 24 21
0 0 0 0 0 0 1 47 98 155 192 209 205 205 195 195 201 200 198 198 198 198 204 205 202 200 198 198 198 198 202 200 195 201 195 193 179 178 130 125 84 80 53 56 42 42 40 41 35 34 28 31 27 26 20 20 19 19 16 16 16 16 13 13 14 14 12 12 14 14 12 12 12 12 12 12 13 13 13 13 14 14 17 14 16 17 14 14 18 18 18 18 20 23 26 24 28 29 22 18
0 0 0 0 0 0 1 47 98 155 192 209 204 203 197 197 198 197 198 198 200 199 207 208 205 203 201 202 201 202 203 203 201 204 198 197 183 181 143 142 123 119 101 86 66 67 53 51 43 40 32 33 31 30 28 27 21 20 18 18 19 19 16 16 15 15 14 14 16 16 13 13 13 13 13 13 14 14 14 14 15 16 17 16 16 17 16 16 18 18 17 17 18 20 23 20 25 26 25 22
0 0 0 0 0 0 1 47 98 155 192 209 202 200 198 198 195 193 198 198 202 200 209 210 207 206 204 205 204 205 204 205 207 206 201 200 186 183 156 158 161 158 148 116 90 91 65 60 51 45 35 34 35 34 35 34 22 20 20 20 22 22 19 19 16 16 16 16 18 18 14 14 14 14 14 14 14 14 14 14 16 17 16 17 16 16 17 17 18 18 16 16 16 16 19 16 22 22 27 26
0 0 0 0 0 0 1 47 104 160 195 212 204 203 202 202 197 196 200 199 203 203 209 210 208 208 207 208 208 209 207 207 207 206 202 200 192 191 176 180 186 186 175 158 133 133 105 100 68 63 43 40 38 38 44 43 31 31 27 25 25 24 21 21 20 17 18 18 19 19 16 16 16 16 16 16 16 16 16 16 17 18 17 16 17 17 18 18 19 19 17 17 18 18 18 16 19 21 35 34
0 0 0 0 0 0 1 47 109 164 198 215 205 205 205 205 198 198 202 200 204 205 209 210 209 209 209 210 211 213 209 209 207 206 202 200 198 198 195 201 211 213 202 200 176 175 144 139 84 80 51 45 40 41 53 51 40 41 34 30 27 26 23 23 23 18 19 19 19 19 18 18 18 18 18 18 18 18 18 18 18 18 17 14 17 17 19 19 19 19 18 18 19 19 16 16 15 20 42 42
0 0 0 0 0 0 1 36 104 160 195 212 209 206 202 202 198 198 203 203 204 205 211 212 212 211 210 212 212 214 211 210 209 210 208 207 206 206 203 207 214 214 207 204 189 188 170 166 116 98 66 58 50 50 53 51 46 44 35 32 27 26 25 25 23 21 21 21 19 19 19 19 19 19 19 19 19 19 19 19 19 19 18 17 18 18 21 21 21 21 19 19 21 21 19 23 29 31 56 62
0 0 0 0 0 0 0 24 98 155 192 209 212 207 198 198 198 198 204 205 204 205 212 214 215 213 211 213 213 214 213 211 211 213 213 214 213 214 211 213 216 214 212 207 202 200 195 193 148 116 80 71 59 58 53 51 51 47 35 34 27 26 27 26 23 23 22 22 19 19 19 19 19 19 19 19 19 19 19 19 19 19 19 19 19 19 22 22 22 22 20 20 22 22 22 30 42 42 69 82
0 0 0 0 0 0 0 24 98 155 195 212 212 207 202 202 198 198 207 208 207 208 212 214 216 215 214 215 215 216 215 213 215 217 215 216 217 218 213 213 214 214 214 210 206 205 201 200 169 152 114 94 70 65 60 57 52 49 38 38 31 30 31 30 29 27 25 24 21 21 21 21 21 21 21 21 21 21 21 21 21 21 21 21 20 20 22 22 25 24 24 23 22 26 31 36 56 62 96 116
0 0 0 0 0 0 0 24 98 155 198 215 212 207 205 205 198 198 209 210 209 210 212 214 216 217 216 217 217 218 216 214 219 220 217 218 220 221 215 213 212 214 215 213 209 209 207 206 189 188 148 116 80 71 66 63 53 51 40 41 35 34 35 34 34 30 27 26 23 23 23 23 22 22 23 23 23 23 23 23 23 23 22 22 20 20 22 22 27 26 27 26 22 30 40 41 69 82 122 149
0 0 0 0 0 0 0 24 98 155 198 215 212 207 204 203 200 199 207 208 209 210 212 214 216 216 216 217 217 218 217 216 220 219 219 220 218 218 215 213 211 212 212 212 209 210 208 208 194 193 163 145 114 94 73 67 56 55 47 46 44 43 38 38 35 32 31 28 25 25 25 25 25 24 25 25 26 27 25 25 25 25 25 24 22 22 23 23 27 26 28 29 32 36 55 62 96 116 148 164
0 0 0 0 0 0 0 24 98 155 198 215 212 206 202 200 202 200 204 205 209 209 212 214 215 215 216 216 217 218 217 218 220 218 220 221 216 214 215 213 209 209 209 210 209 210 209 210 198 198 177 173 148 116 80 71 59 58 53 51 53 51 40 41 35 34 34 30 27 26 27 26 27 26 27 26 28 31 27 26 27 26 27 26 23 23 23 23 27 26 28 31 42 42 69 82 122 149 174 178
0 0 0 0 0 0 1 36 104 160 202 216 210 206 202 200 203 203 207 208 211 212 214 214 215 215 216 216 217 218 218 219 220 218 219 220 218 217 218 215 211 210 208 208 208 208 207 208 200 199 188 186 167 150 114 94 70 65 60 57 56 55 40 41 38 38 35 32 31 30 31 28 27 26 27 26 28 31 28 29 28 29 27 26 26 27 26 27 35 34 41 44 56 62 95 103 144 160 179 181
0 0 0 0 0 0 1 47 109 164 205 217 207 206 202 200 204 205 209 210 212 214 215 213 215 215 215 215 217 218 219 220 220 218 218 219 219 220 220 216 213 211 207 206 207 206 204 205 202 200 198 198 186 183 148 116 80 71 66 63 59 58 40 41 40 41 35 34 35 34 34 30 27 26 27 26 28 31 28 31 28 31 27 26 28 31 28 31 42 42 53 56 69 82 120 123 166 171 183 183
0 0 0 0 0 0 1 47 109 164 202 216 210 207 207 203 204 205 209 210 212 214 216 215 215 214 214 215 217 218 219 220 220 218 219 220 220 221 218 215 213 211 210 209 208 208 206 206 205 203 201 202 194 192 169 152 121 115 86 85 72 69 53 51 47 49 43 40 39 38 37 36 34 34 34 34 34 36 34 36 35 37 35 34 35 37 41 44 56 62 79 81 96 116 143 147 172 179 185 183
0 0 0 0 0 0 1 47 109 164 198 215 212 207 212 206 204 205 209 210 212 214 216 217 215 213 212 214 216 217 219 220 220 218 219 220 221 221 216 214 213 211 213 211 209 210 207 206 207 206 204 205 202 200 189 188 161 158 105 106 84 80 65 60 53 56 51 45 42 42 40 41 40 41 40 41 40 41 40 41 42 42 42 42 42 42 53 56 69 82 105 106 122 149 166 171 178 186 186 183
0 0 0 0 0 0 1 47 104 160 198 215 212 207 204 204 204 205 209 210 212 214 214 216 214 214 212 214 217 218 219 220 221 219 220 221 221 221 219 218 215 214 212 212 210 212 208 208 208 208 206 206 206 205 199 199 185 184 146 149 123 119 98 95 85 87 78 76 66 67 62 61 62 61 62 61 62 61 62 61 63 61 66 67 66 67 79 81 96 116 131 132 148 164 178 183 187 194 191 188
0 0 0 0 0 0 1 47 98 155 198 215 212 207 195 201 204 205 209 210 212 214 212 214 212 214 212 214 217 218 219 220 222 220 221 221 221 221 221 221 217 216 211 213 211 213 209 209 209 209 207 206 209 209 209 209 209 209 187 191 161 158 130 130 116 117 105 106 90 91 84 80 84 80 84 80 84 80 84 80 84 80 90 91 90 91 105 106 122 149 156 158 174 178 189 194 195 201 195 193
0 0 0 0 0 0 1 47 104 160 202 216 212 207 200 203 204 205 209 210 212 214 212 214 213 213 214 216 219 220 219 220 222 221 221 221 222 222 221 221 219 217 213 213 214 215 212 212 211 210 208 208 209 210 210 211 212 211 199 202 185 184 171 172 160 160 146 149 139 141 130 128 123 119 123 119 120 119 120 119 120 119 123 125 123 125 138 137 150 168 173 176 186 188 197 200 202 205 201 200
0 0 0 0 0 0 1 47 109 164 205 217 212 206 205 205 204 205 209 210 212 214 212 214 213 211 216 217 221 221 219 220 221 221 221 221 222 223 221 221 220 218 215 213 216 216 214 214 213 211 209 210 209 210 211 213 215 213 211 213 209 209 211 213 203 203 187 191 187 191 176 175 161 158 161 158 156 158 156 158 156 158 156 158 156 158 170 168 178 186 189 194 198 198 204 205 209 209 207 206
0 0 0 0 0 0 1 47 115 168 205 217 212 207 205 205 206 206 209 210 212 214 214 216 215 215 219 220 223 223 220 221 221 221 220 220 221 222 221 222 221 219 215 213 216 216 216 216 215 213 212 212 210 212 214 215 216 216 214 216 215 214 215 216 211 212 205 207 202 204 196 195 187 185 182 179 177 178 176 176 173 176 173 176 176 176 180 181 191 196 198 200 204 204 208 209 213 212 209 210
0 0 0 0 0 0 1 47 120 172 205 217 212 207 204 205 207 206 209 210 212 214 216 217 217 218 221 222 224 224 221 221 221 221 219 219 219 220 221 222 222 220 215 213 216 216 217 217 216 214 215 213 211 213 216 217 217 218 217 218 220 218 218 219 219 220 222 223 217 216 216 214 213 211 202 200 198 198 195 193 189 194 189 194 195 193 189 194 204 205 207 206 209 209 211 213 216 214 211 213
0 0 0 0 0 0 1 47 120 172 205 217 214 210 207 208 207 206 209 210 212 214 214 216 217 218 222 223 223 224 223 223 222 221 220 219 218 219 221 222 221 221 216 216 217 218 218 218 218 216 216 216 215 216 219 219 220 219 218 219 221 220 220 221 219 222 221 221 216 215 216 214 213 213 206 205 203 202 199 197 196 197 198 200 201 200 197 200 208 209 210 210 214 214 216 217 217 217 216 217
0 0 0 0 0 0 1 47 120 172 205 217 215 213 209 210 207 206 209 209 212 214 212 214 216 217 222 223 222 223 224 224 223 221 220 218 217 218 221 221 220 221 217 218 218 219 218 219 220 218 217 218 218 219 221 221 222 220 219 220 221 221 222 223 219 223 220 218 215 213 215 213 212 214 209 209 207 206 202 200 202 200 207 206 207 206 204 205 211 213 213 214 218 219 221 221 218 219 220 221
0 0 0 0 0 0 1 47 120 172 205 217 215 213 211 211 207 206 213 213 214 214 214 214 214 216 221 222 220 221 224 224 224 222 221 220 218 219 221 222 221 221 219 220 220 220 220 220 221 219 218 219 220 220 221 221 222 221 220 221 223 223 223 222 220 223 222 220 216 216 216 214 213 214 212 211 210 209 208 206 206 205 209 210 210 209 208 209 215 218 217 218 221 222 223 223 222 223 225 225
0 0 0 0 0 0 1 47 120 172 205 217 215 213 213 211 207 206 216 217 216 214 215 213 212 214 219 220 217 218 224 224 225 223 221 222 218 219 221 222 221 221 221 221 221 221 221 221 222 220 219 220 221 221 221 221 221 221 221 222 224 224 223 221 221 222 223 221 217 218 216 214 213 214 215 213 213 211 213 211 209 209 211 213 213 211 211 213 219 223 221 222 224 225 224 225 226 227 229 229
0 0 0 0 0 0 1 47 120 172 205 218 214 210 213 211 208 208 214 216 217 216 216 215 214 216 219 220 219 220 222 224 225 223 223 223 221 220 223 224 224 223 222 221 221 221 223 223 224 223 220 221 221 222 221 222 223 223 223 223 225 225 224 223 221 222 223 221 218 219 218 216 215 216 216 214 213 213 213 213 214 214 216 217 217 216 216 217 222 224 224 224 224 225 227 228 228 229 230 230
0 0 0 0 0 0 1 47 120 172 205 219 212 207 213 211 209 210 212 214 217 217 217 217 216 217 219 220 221 221 219 223 225 223 224 224 223 221 224 225 226 225 223 221 221 221 224 225 226 225 221 222 221 222 221 222 224 224 224 224 226 225 224 224 221 222 223 221 218 219 220 218 217 218 216 214 213 214 213 214 218 219 220 221 220 221 220 221 224 225 226 225 224 224 230 230 230 230 230 230
0 0 0 0 0 0 11 68 120 172 212 219 212 207 210 209 209 210 212 214 217 217 217 217 216 217 219 222 221 222 222 224 226 225 224 224 224 223 226 227 227 226 225 224 223 223 226 227 226 225 223 224 223 223 223 223 224 224 224 224 225 225 224 225 224 224 225 223 222 222 223 221 219 220 219 218 219 219 217 218 220 221 222 223 225 225 225 225 226 227 226 225 225 226 231 232 232 231 232 233
0 0 0 0 0 0 21 89 120 172 218 219 212 207 207 206 209 210 212 214 216 216 217 217 216 217 219 223 221 222 224 225 226 227 224 224 224 225 227 228 227 226 227 226 224 224 227 228 226 225 224 225 224 224 224 224 224 224 224 224 224 224 224 225 226 225 226 225 226 225 225 223 221 221 221 222 224 224 221 222 221 222 224 225 229 229 230 228 227 228 226 225 226 227 231 233 233 232 234 235
0 0 0 0 0 0 21 89 136 186 221 222 212 207 207 206 209 210 212 214 216 217 217 218 216 217 219 223 223 224 226 227 228 229 226 226 227 228 229 229 226 225 226 226 225 226 229 230 228 227 227 227 226 226 225 226 225 225 224 224 224 225 226 227 227 227 227 227 227 227 225 223 221 222 224 225 226 226 224 225 225 226 229 228 231 231 232 230 229 229 228 227 228 229 232 233 234 233 235 235
0 0 0 0 0 0 21 89 151 199 224 224 212 206 207 206 209 210 211 213 216 217 217 218 216 217 219 223 224 225 227 228 230 230 227 228 230 230 230 230 224 224 224 225 226 227 230 231 230 228 229 229 227 227 226 227 226 225 224 224 224 225 227 228 227 228 227 228 227 228 225 223 221 222 226 227 227 227 226 227 228 230 233 231 232 233 233 232 230 230 230 229 230 230 232 233 234 234 236 235
0 0 0 0 0 0 21 89 151 199 223 223 212 207 208 208 210 212 214 215 217 218 219 220 219 220 222 224 224 225 227 228 228 229 227 228 229 229 229 230 227 227 226 226 228 229 230 231 231 230 230 230 229 229 228 229 228 228 227 226 227 227 228 229 229 229 229 229 229 229 228 227 226 226 228 229 230 229 229 230 231 232 234 233 234 234 235 234 232 232 234 233 232 232 234 234 236 236 237 236
0 0 0 0 0 0 21 89 151 199 221 222 212 207 209 210 211 213 217 216 218 219 221 222 221 222 224 224 224 225 227 228 226 227 226 227 227 228 228 230 230 230 227 227 230 230 230 231 232 231 230 230 230 230 230 231 230 231 230 228 230 228 228 230 230 230 230 230 230 230 230 230 230 229 230 230 233 231 232 233 234 234 234 234 236 234 236 235 234 234 237 237 234 234 236 235 237 237 237 237
0 0 0 0 0 0 21 89 151 199 221 222 211 208 209 210 214 215 219 219 220 221 223 223 223 223 225 226 227 228 229 230 229 229 228 229 228 229 231 231 232 232 230 230 232 232 232 231 232 231 230 231 231 231 231 232 232 231 231 231 231 231 231 232 233 233 233 233 233 233 233 233 233 232 233 233 234 234 234 235 236 236 236 237 238 237 237 236 236 236 239 238 238 238 238 237 238 238 239 238
0 0 0 0 0 0 21 89 151 199 220 221 209 209 209 210 216 217 220 221 222 223 224 224 224 224 225 228 230 230 230 231 232 231 230 230 228 230 233 231 234 234 232 233 234 234 233 231 232 231 230 231 232 231 232 233 233 231 231 233 232 233 234 234 236 235 236 235 236 235 236 235 236 235 236 235 235 237 235 237 237 237 237 239 240 240 237 237 237 237 240 238 241 242 240 238 238 239 240 238
0 0 0 0 0 0 21 89 151 199 222 223 212 211 211 211 214 216 218 219 222 223 224 224 223 223 225 226 229 229 229 229 230 229 229 230 230 232 233 232 233 233 233 234 235 235 235 233 234 233 231 232 233 233 235 236 234 233 231 233 234 235 236 236 237 236 237 236 237 236 237 236 237 237 237 237 236 237 236 238 238 238 238 239 239 239 237 237 237 237 241 240 241 241 240 239 239 240 239 238
0 0 0 0 0 0 21 89 151 199 224 225 215 213 213 211 212 214 216 217 222 223 224 224 221 222 224 224 227 228 227 226 227 226 228 230 232 233 233 232 232 231 234 235 236 235 236 235 236 235 232 233 234 234 238 238 234 234 231 233 235 237 237 237 237 237 237 237 237 237 237 237 238 239 238 239 237 237 237 239 238 239 238 239 237 237 237 237 237 237 241 242 240 240 240 240 240 240 238 238
0 0 0 0 0 0 21 89 151 199 226 227 215 213 213 211 214 216 218 219 222 223 225 225 224 225 226 226 227 228 227 226 227 227 229 231 233 234 234 234 233 233 235 235 237 236 237 236 236 236 234 235 236 236 237 237 234 234 233 234 236 237 238 238 238 238 238 238 238 238 238 238 239 239 239 239 239 240 239 241 239 240 240 241 239 238 238 238 238 238 241 241 238 239 239 240 239 239 238 238
0 0 0 0 0 0 21 89 151 199 227 228 215 213 213 211 216 217 219 220 222 223 226 225 227 227 227 227 227 227 226 225 227 227 229 232 234 234 234 235 234 234 236 235 237 237 237 237 236 236 236 236 237 237 236 235 234 234 234 234 237 237 238 239 239 239 239 239 239 239 238 238 240 238 240 238 241 242 241 242 240 240 241 242 240 238 238 239 238 239 240 240 235 237 237 239 237 237 237 237
0 0 0 0 0 3 21 89 151 199 226 226 215 213 216 215 218 219 219 220 222 223 226 227 229 229 229 230 230 229 227 228 230 230 231 233 234 233 234 235 236 236 236 235 237 237 237 237 236 236 237 237 237 238 237 237 235 236 237 237 239 239 238 239 239 239 239 239 239 239 238 238 240 239 240 239 241 240 241 242 239 240 241 242 241 240 240 241 240 241 241 241 237 238 239 241 239 240 239 238
0 0 0 0 0 5 21 89 151 199 225 223 215 213 218 219 219 220 218 219 221 222 225 228 230 230 231 233 233 231 228 230 232 233 232 233 233 232 234 235 237 237 236 235 236 236 236 236 236 236 237 237 237 239 238 238 235 237 240 240 240 240 238 239 239 239 239 239 239 239 238 238 240 240 240 240 240 238 241 242 238 239 241 242 241 242 241 242 241 242 241 242 238 239 241 242 241 242 240 238
0 0 0 0 0 5 34 100 159 204 227 222 216 215 217 218 218 219 220 220 223 223 225 226 229 229 231 232 233 231 230 232 233 234 234 235 235 235 236 237 239 238 236 235 236 236 237 237 236 236 237 236 237 239 238 238 237 238 239 240 240 240 239 240 240 240 240 240 239 239 238 239 239 240 241 241 241 240 241 242 240 241 242 243 242 243 241 242 242 243 243 243 241 242 243 243 242 243 241 240
0 0 0 0 0 5 47 110 167 209 229 221 216 217 216 217 216 217 221 221 224 224 224 224 227 228 230 231 232 231 231 233 234 234 235 237 237 237 238 239 240 238 236 235 236 235 237 237 236 235 236 235 237 239 237 237 238 239 238 239 240 240 240 240 240 240 240 240 238 239 238 239 238 239 241 242 241 242 241 242 241 242 243 243 243 243 241 242 243 243 244 244 244 244 244 244 243 243 241 242
0 0 0 0 0 5 47 110 159 204 225 221 216 215 216 215 217 218 221 222 225 225 224 225 227 228 230 231 232 232 232 233 234 234 235 237 237 238 239 240 239 238 237 236 237 236 238 238 238 237 237 237 238 239 237 237 238 239 238 239 240 240 241 241 241 241 241 241 240 241 240 241 241 242 243 243 243 243 243 243 243 243 242 243 242 243 243 243 242 243 244 244 244 244 244 244 242 242 242 243
0 0 0 0 0 5 47 110 151 199 221 221 215 213 215 213 217 218 221 222 226 225 224 225 227 228 230 230 231 233 232 233 234 234 235 237 237 239 240 240 238 238 237 237 237 237 238 239 240 238 238 239 238 239 237 237 238 239 238 239 240 240 241 241 241 241 241 241 241 242 241 242 244 244 244 244 244 244 244 244 244 244 241 242 241 242 244 244 241 242 244 244 244 244 243 243 240 240 243 243
0 0 0 0 0 5 47 110 159 204 226 225 218 215 214 214 219 220 221 222 227 226 225 227 228 229 231 231 232 233 235 235 236 236 235 237 237 238 240 240 238 238 236 237 239 239 240 241 241 240 241 241 240 241 238 238 239 239 239 240 241 241 241 242 241 242 241 242 243 243 243 243 245 245 246 246 246 246 246 246 247 247 243 243 243 243 244 244 243 243 247 247 244 244 242 243 239 239 242 243
0 0 0 0 0 5 47 110 167 209 230 228 220 216 212 214 221 221 221 222 227 226 225 228 228 230 232 231 232 233 237 237 237 237 235 237 237 237 239 239 237 237 235 237 240 240 241 242 241 241 243 243 241 242 238 239 240 238 240 240 241 242 241 242 241 242 241 242 244 244 244 244 246 246 248 248 248 248 247 247 249 249 244 244 244 244 244 244 244 244 249 249 244 244 241 242 237 237 241 242
0 0 0 0 0 5 47 110 167 209 231 227 220 216 215 216 221 221 222 222 224 224 226 228 229 231 231 231 233 234 236 237 239 238 236 236 238 238 240 240 237 237 236 237 239 240 241 242 242 242 243 243 241 242 240 241 239 239 239 240 240 241 241 242 243 243 243 243 244 244 244 244 247 247 249 249 250 250 248 248 249 249 244 244 244 244 247 247 244 244 249 249 244 244 243 243 239 240 241 242
0 0 0 0 0 5 47 110 167 209 232 226 220 216 217 218 221 221 223 221 221 222 226 227 230 231 230 231 234 235 235 237 240 238 236 235 238 238 240 240 237 237 237 237 238 239 241 242 243 243 243 243 241 242 241 242 238 239 238 239 238 239 241 242 244 244 244 244 244 244 244 244 248 248 250 250 251 251 249 249 249 249 244 244 244 244 249 249 244 244 249 249 244 244 244 244 241 242 241 242
0 0 0 0 0 5 56 118 167 209 232 229 218 215 215 216 222 222 224 223 224 225 228 229 229 231 232 231 233 234 236 237 239 238 237 237 240 240 241 241 238 238 238 238 240 241 241 242 242 243 242 243 243 243 245 246 244 244 241 242 241 242 245 246 244 244 247 247 247 247 247 247 249 249 250 250 250 250 249 249 249 249 244 244 244 244 247 247 244 244 249 249 244 244 244 244 243 243 243 243
0 0 0 0 0 5 64 125 167 209 232 231 215 213 212 214 222 223 224 224 227 228 230 230 228 230 233 231 232 233 237 237 238 238 238 239 241 242 241 242 238 239 238 239 241 242 241 242 241 242 241 242 244 244 249 249 249 249 244 244 244 244 249 249 244 244 249 249 249 249 249 249 249 249 249 249 249 249 249 249 249 249 244 244 244 244 244 244 244 244 249 249 244 244 244 244 244 244 244 244
0 0 0 0 0 5 64 125 167 209 232 232 218 213 216 217 221 222 225 226 228 229 233 234 231 232 235 233 235 236 239 238 238 239 240 241 243 243 243 243 241 242 241 242 243 243 243 243 243 243 245 246 247 247 249 249 249 249 244 244 244 244 249 249 247 247 249 249 249 249 249 249 249 249 247 247 249 249 249 249 249 249 247 247 247 247 247 247 247 247 247 247 243 243 244 244 244 244 247 247
0 0 0 0 0 5 64 125 167 209 231 233 221 212 219 220 219 220 225 228 228 230 235 237 234 234 236 235 237 239 240 238 237 239 241 242 244 244 244 244 244 244 244 244 244 244 244 244 244 244 249 249 249 249 249 249 249 249 244 244 244 244 249 249 249 249 249 249 249 249 249 249 249 249 244 244 249 249 249 249 249 249 249 249 249 249 249 249 249 249 244 244 241 242 244 244 244 244 249 249
0 0 0 0 0 5 56 118 167 209 230 233 222 216 218 219 219 222 225 226 228 231 235 236 234 234 236 235 237 239 240 238 237 238 241 242 243 243 243 243 243 243 243 243 244 244 247 247 246 246 249 249 247 247 247 247 247 247 244 244 244 244 249 249 249 249 247 247 247 247 247 247 247 247 247 247 249 249 249 249 249 249 249 249 249 249 249 249 249 249 244 244 241 242 243 243 244 244 247 247
0 0 0 0 0 5 47 110 167 209 228 232 222 220 216 217 219 223 224 224 228 232 234 235 234 234 236 235 237 239 240 238 237 237 241 242 241 242 241 242 241 242 241 242 244 244 249 249 247 247 248 248 244 244 244 244 244 244 244 244 244 244 249 249 249 249 244 244 244 244 244 244 244 244 249 249 249 249 249 249 249 249 249 249 249 249 249 249 249 249 244 244 241 242 241 242 244 244 244 244
0 0 0 0 0 5 47 110 167 209 226 228 221 221 219 215 219 221 224 224 228 230 232 234 235 236 237 236 238 239 239 238 236 237 241 241 242 243 242 243 242 243 242 243 244 244 247 247 247 247 248 248 244 244 244 244 247 247 247 247 247 247 247 247 247 247 244 244 244 244 244 244 247 247 249 249 249 249 249 249 249 249 249 249 249 249 249 249 249 249 244 244 242 243 241 242 244 244 244 244
0 0 0 0 0 5 47 110 167 209 224 224 220 221 221 212 218 219 224 224 227 228 229 232 235 237 237 237 238 238 238 238 235 237 240 240 243 243 243 243 243 243 243 243 244 244 244 244 247 247 247 247 244 244 244 244 249 249 249 249 249 249 244 244 244 244 244 244 244 244 244 244 249 249 249 249 249 249 249 249 249 249 249 249 249 249 249 249 249 249 244 244 243 243 241 242 244 244 244 244
0 0 0 0 0 5 47 110 167 209 226 226 218 217 225 217 220 221 224 225 228 229 230 233 235 237 239 238 238 239 239 238 236 237 239 240 243 243 243 243 243 243 243 243 244 244 244 244 246 246 246 246 247 247 247 247 247 247 247 247 247 247 247 247 247 247 244 244 244 244 247 247 249 249 247 247 247 247 249 249 249 249 249 249 249 249 249 249 249 249 247 247 244 244 241 242 244 244 247 247
0 0 0 0 0 5 47 110 167 209 227 227 215 213 229 221 221 222 224 225 229 229 231 233 235 237 240 238 237 239 240 238 237 237 238 239 243 243 243 243 243 243 243 243 244 244 244 244 244 244 244 244 249 249 249 249 244 244 244 244 244 244 249 249 249 249 244 244 244 244 249 249 249 249 244 244 244 244 249 249 249 249 249 249 249 249 249 249 249 249 249 249 244 244 241 242 244 244 249 249
0 0 0 0 0 7 56 118 174 213 227 227 218 215 227 223 221 222 225 227 228 229 231 232 235 236 239 238 237 238 239 238 238 238 240 241 241 241 242 243 242 243 241 241 244 244 244 244 244 244 244 244 247 247 247 247 244 244 247 247 244 244 247 247 249 249 247 247 247 247 247 247 247 247 247 247 247 247 249 249 249 249 249 249 249 249 249 249 249 249 247 247 244 244 243 243 244 244 249 249
0 0 0 0 0 9 64 125 181 216 227 227 220 216 224 224 221 222 225 228 227 228 230 231 234 235 237 237 237 237 237 237 238 239 241 242 238 239 241 242 241 242 238 239 244 244 244 244 244 244 244 244 244 244 244 244 244 244 249 249 243 243 244 244 249 249 249 249 249 249 244 244 244 244 249 249 249 249 249 249 249 249 249 249 249 249 249 249 249 249 244 244 244 244 244 244 244 244 249 249
0 0 0 0 0 9 64 125 181 216 227 226 221 219 223 224 223 223 225 226 228 230 230 231 233 234 237 237 237 237 238 238 238 239 241 242 240 241 243 243 243 243 241 242 245 245 245 245 245 245 245 245 247 247 244 244 247 247 249 249 244 244 244 244 249 249 249 249 247 247 247 247 247 247 249 249 249 249 249 249 249 249 249 249 249 249 249 249 249 249 246 246 245 245 245 245 247 247 249 249
0 0 0 0 0 9 64 125 181 216 227 224 221 221 222 223 224 224 224 224 228 232 230 230 232 233 237 237 237 237 238 239 238 239 241 242 241 242 244 244 244 244 244 244 245 245 245 245 245 245 246 246 249 249 244 244 249 249 249 249 244 244 243 243 249 249 249 249 244 244 249 249 249 249 249 249 249 249 249 249 249 249 249 249 249 249 249 249 248 248 248 248 246 246 246 246 249 249 249 249
0 0 0 0 0 9 64 125 181 216 229 227 221 220 223 222 224 225 225 225 229 232 232 232 234 234 239 239 239 239 239 240 241 241 241 242 243 243 247 247 244 244 247 247 246 246 246 246 246 246 247 247 247 247 247 247 249 249 249 249 244 244 246 246 249 249 249 249 247 247 249 249 249 249 249 249 249 249 249 249 249 249 249 249 249 249 249 249 249 249 249 249 247 247 247 247 249 249 249 249
0 0 0 0 0 9 64 125 181 216 230 230 220 218 223 221 224 225 226 225 229 232 234 234 236 235 240 240 240 240 240 240 243 243 241 242 244 244 249 249 244 244 249 249 246 246 246 246 247 247 247 247 244 244 249 249 249 249 249 249 244 244 249 249 249 249 249 249 249 249 249 249 249 249 249 249 249 249 249 249 249 249 249 249 249 249 249 249 250 250 250 250 248 248 248 248 249 249 249 249
0 0 0 0 0 9 64 125 181 216 233 233 222 220 225 223 226 227 229 229 232 235 236 237 238 237 239 239 239 239 240 240 242 241 243 243 244 244 247 247 247 247 247 247 246 246 247 247 248 248 248 248 247 247 249 249 249 249 249 249 247 247 247 247 249 249 249 249 249 249 249 249 249 249 249 249 249 249 249 249 249 249 249 249 249 249 249 249 250 250 250 250 249 249 249 249 249 249 249 249
0 0 0 0 0 9 64 125 181 216 236 235 223 221 226 225 227 228 231 233 235 237 238 239 240 238 237 237 238 238 240 240 240 238 244 244 244 244 244 244 249 249 244 244 246 246 247 247 248 248 248 248 249 249 249 249 249 249 249 249 249 249 244 244 249 249 249 249 249 249 249 249 249 249 249 249 249 249 249 249 249 249 249 249 249 249 249 249 249 249 249 249 249 249 249 249 249 249 249 249
0 0 0 0 0 9 64 125 181 216 234 232 222 221 226 227 228 229 232 233 235 236 238 239 240 238 237 238 240 240 241 241 241 240 243 243 243 243 244 244 247 247 244 244 247 247 247 247 247 247 247 247 249 249 249 249 249 249 247 247 249 249 247 247 249 249 249 249 249 249 249 249 249 249 249 249 249 249 249 249 249 249 249 249 249 249 249 249 249 249 249 249 249 249 249 249 249 249 249 249
0 0 0 0 0 9 64 125 181 216 231 228 220 221 225 228 229 229 232 233 234 234 237 239 240 238 237 239 241 241 242 242 241 242 241 242 241 242 244 244 244 244 244 244 247 247 247 247 246 246 246 246 249 249 249 249 249 249 244 244 249 249 249 249 249 249 249 249 249 249 249 249 249 249 249 249 249 249 249 249 249 249 249 249 249 249 249 249 249 249 249 249 249 249 249 249 249 249 249 249
0 0 0 0 0 7 64 125 174 213 229 227 222 221 225 226 228 229 233 234 233 234 237 239 240 238 237 239 241 242 242 242 241 242 241 242 243 243 247 247 244 244 247 247 248 248 247 247 246 246 247 247 249 249 249 249 249 249 247 247 249 249 250 250 250 250 250 250 250 250 250 250 249 249 249 249 250 250 251 251 249 249 249 249 249 249 249 249 249 249 249 249 249 249 249 249 249 249 249 249
0 0 0 0 0 5 64 125 167 209 227 226 223 221 224 224 227 228 234 234 231 233 237 239 240 238 237 239 241 242 241 242 241 242 241 242 244 244 249 249 244 244 249 249 248 248 247 247 246 246 247 247 248 248 248 248 249 249 249 249 248 248 250 250 251 251 251 251 251 251 250 250 249 249 249 249 250 250 252 252 249 249 249 249 249 249 249 249 249 249 249 249 249 249 249 249 249 249 249 249
0 0 0 0 0 7 64 125 167 209 227 226 223 221 222 224 226 228 232 233 233 234 238 239 240 238 237 238 241 241 241 242 243 243 243 243 247 247 249 249 247 247 249 249 249 249 248 248 247 247 247 247 248 248 248 248 249 249 249 249 248 248 250 250 251 251 251 251 251 251 250 250 249 249 249 249 250 250 252 252 249 249 249 249 249 249 249 249 249 249 249 249 249 249 249 249 249 249 249 249
0 0 0 0 0 9 64 125 167 209 226 225 223 221 219 223 225 228 230 231 234 235 238 239 240 238 237 237 240 240 241 242 244 244 244 244 249 249 249 249 249 249 249 249 249 249 248 248 248 248 247 247 248 248 248 248 249 249 249 249 248 248 250 250 251 251 251 251 251 251 250 250 249 249 249 249 250 250 251 251 249 249 249 249 249 249 249 249 249 249 249 249 249 249 249 249 249 249 249 249
0 0 0 0 0 9 64 125 174 213 226 225 224 223 223 226 226 228 229 232 234 235 238 239 240 238 238 238 240 240 242 242 244 244 244 244 247 247 249 249 247 247 247 247 249 249 249 249 249 249 248 248 248 248 248 248 249 249 249 249 249 249 250 250 251 251 251 251 251 251 250 250 249 249 249 249 250 250 250 250 250 250 250 250 251 251 251 251 249 249 249 249 249 249 249 249 249 249 249 249
0 0 0 0 0 9 64 125 181 216 226 225 224 224 227 228 227 228 228 232 234 235 237 239 240 238 238 239 240 240 242 242 243 243 244 244 244 244 249 249 244 244 244 244 249 249 249 249 249 249 249 249 247 247 247 247 249 249 249 249 249 249 249 249 251 251 251 251 251 251 250 250 249 249 249 249 249 249 249 249 251 251 251 251 252 252 253 253 249 249 249 249 249 249 249 249 249 249 249 249
0 0 0 0 0 9 64 125 181 216 227 226 224 224 227 228 227 227 228 231 234 235 236 238 239 238 238 238 240 240 242 242 243 243 244 244 244 244 249 249 244 244 247 247 249 249 249 249 249 249 249 249 248 248 248 248 249 249 249 249 249 249 249 249 252 252 252 252 252 252 251 251 249 249 249 249 249 249 249 249 251 251 251 251 253 253 253 253 249 249 249 249 249 249 249 249 249 249 249 249
0 0 0 0 0 9 64 125 181 216 227 226 224 224 227 228 227 226 228 230 234 235 235 237 237 237 237 237 240 240 242 242 243 243 243 243 244 244 249 249 244 244 249 249 249 249 249 249 249 249 249 249 248 248 248 248 249 249 249 249 249 249 249 249 252 252 252 252 252 252 251 251 249 249 249 249 249 249 249 249 251 251 251 251 253 253 252 252 249 249 249 249 249 249 249 249 249 249 249 249
0 0 0 0 0 9 64 125 174 213 226 225 224 223 227 228 226 227 229 231 234 235 235 237 237 237 237 238 239 240 243 243 244 244 244 244 245 245 248 248 244 244 247 247 250 250 249 249 249 249 249 249 248 248 248 248 249 249 249 249 249 249 249 249 252 252 252 252 252 252 252 252 249 249 249 249 249 249 249 249 250 250 250 250 251 251 251 251 249 249 249 249 249 249 249 249 249 249 249 249
0 0 0 0 0 9 64 125 167 209 224 224 223 221 227 228 225 228 230 231 234 235 235 237 237 237 237 239 238 239 244 244 244 244 244 244 246 246 247 247 244 244 244 244 250 250 249 249 249 249 249 249 248 248 248 248 249 249 249 249 249 249 249 249 252 252 252 252 252 252 252 252 249 249 249 249 249 249 249 249 249 249 249 249 249 249 249 249 249 249 249 249 249 249 249 249 249 249 249 249
0 0 0 0 0 9 72 136 174 213 223 223 223 221 225 226 226 228 230 231 233 234 236 237 237 237 238 239 240 241 244 244 243 243 244 244 247 247 248 248 247 247 247 247 250 250 249 249 249 249 249 249 249 249 248 248 249 249 249 249 249 249 249 249 252 252 252 252 252 252 252 252 249 249 249 249 249 249 249 249 249 249 249 249 249 249 249 249 249 249 249 249 249 249 249 249 249 249 249 249
0 0 0 0 0 9 80 146 181 216 221 222 223 221 222 223 226 227 230 231 232 233 237 237 237 237 238 239 241 242 244 244 241 242 244 244 247 247 249 249 249 249 249 249 249 249 249 249 249 249 249 249 249 249 248 248 249 249 249 249 249 249 249 249 252 252 252 252 252 252 252 252 249 249 249 249 249 249 249 249 249 249 249 249 249 249 249 249 249 249 249 249 249 249 249 249 249 249 249 249
0 0 0 0 0 9 80 146 187 213 222 222 223 222 222 222 227 230 230 231 233 234 237 237 238 238 238 239 242 243 243 243 242 243 244 244 248 248 249 249 249 249 247 247 249 249 249 249 249 249 249 249 249 249 249 249 249 249 249 249 249 249 249 249 251 251 251 251 251 251 251 251 251 251 251 251 251 251 251 251 249 249 249 249 249 249 249 249 249 249 249 249 249 249 249 249 249 249 249 249
0 0 0 0 0 9 80 146 192 209 223 221 222 223 221 221 228 232 230 230 234 235 237 237 238 238 238 239 243 243 241 242 243 243 244 244 249 249 249 249 249 249 244 244 249 249 249 249 249 249 249 249 249 249 249 249 249 249 249 249 249 249 249 249 249 249 249 249 249 249 249 249 253 253 253 253 253 253 252 252 249 249 249 249 249 249 249 249 249 249 249 249 249 249 249 249 249 249 249 249
0 0 0 0 0 17 80 146 195 212 223 221 222 223 220 222 228 232 231 232 236 237 239 238 238 239 241 241 242 243 243 243 244 244 244 244 247 247 249 249 247 247 244 244 249 249 249 249 249 249 249 249 249 249 249 249 249 249 249 249 249 249 249 249 249 249 249 249 249 249 249 249 253 253 253 253 253 253 252 252 249 249 249 249 249 249 249 249 249 249 249 249 249 249 249 249 249 249 249 249
0 0 0 0 0 24 80 146 198 215 223 221 222 223 219 223 228 232 231 233 237 239 240 238 237 239 243 243 241 242 244 244 244 244 244 244 244 244 249 249 244 244 244 244 249 249 249 249 249 249 249 249 249 249 249 249 249 249 249 249 249 249 249 249 249 249 249 249 249 249 249 249 253 253 253 253 253 253 252 252 249 249 249 249 249 249 249 249 249 249 249 249 249 249 249 249 249 249 249 249
0 0 0 0 0 19 76 139 190 202 214 213 217 217 216 220 224 227 228 232 236 239 240 239 238 240 241 241 240 241 243 243 245 245 243 243 245 245 247 247 245 245 243 243 246 246 247 247 250 250 250 250 250 250 248 248 250 250 250 250 250 250 250 250 250 250 250 250 250 250 250 250 254 254 252 252 253 253 252 252 250 250 250 250 250 250 252 252 250 250 252 252 251 251 251 251 251 251 251 251
