0 0 0 0 0 0 0 0 0 0 0 0 0 0 0 0 0 0 0 0 0 0 0 0 0 0 0 0 0 0 0 0 0 0 0 0 0 0 0 0 0 0 0 0 0 0 0 0 0 0 0 0 0 0 0 0 0 0 0 0 0 0 0 0 0 0 0 0 0 0 0 0 0 0 0 0 0 0 0 0 0 0 0 0 0 0 0 0 0 0 0 0 0 0 0 0 0 0 0 0
0 0 0 0 0 0 0 0 0 0 1 1 3 2 4 4 4 4 3 2 5 5 6 5 5 5 4 4 4 4 3 2 4 6 4 4 4 4 4 4 4 4 3 3 3 3 3 3 4 4 4 4 3 3 4 4 3 2 3 2 3 2 3 2 3 3 3 3 4 4 4 4 3 3 3 3 4 4 4 4 4 4 4 4 4 4 4 4 4 4 5 5 5 5 5 5 6 5 7 7
0 0 0 0 0 0 0 0 0 0 2 2 5 4 7 7 7 7 5 4 10 10 11 10 9 9 7 7 8 8 5 4 8 12 8 8 7 7 7 7 7 7 5 5 5 5 5 5 7 7 7 7 5 5 7 7 5 4 5 4 5 4 5 4 5 5 5 5 7 7 7 7 5 5 5 5 7 7 7 7 7 7 8 8 8 8 8 8 7 7 10 10 10 10 10 10 11 10 13 13
0 0 0 0 0 0 0 0 0 3 8 9 8 7 9 9 11 12 9 8 12 11 13 13 12 12 11 12 11 12 9 8 11 14 13 12 10 11 9 9 9 9 7 7 8 8 8 8 9 9 9 9 8 7 9 8 8 7 8 7 8 7 8 7 8 8 8 8 9 9 9 9 8 8 8 8 9 9 9 9 10 10 11 12 11 12 11 12 10 10 12 12 12 13 13 13 15 15 15 15
0 0 0 0 0 0 0 0 0 6 14 16 11 10 11 10 14 16 13 12 13 12 14 16 15 15 14 16 14 16 13 12 14 16 17 16 13 14 11 10 10 10 8 8 10 10 10 10 10 10 10 10 10 9 10 9 10 10 10 10 10 9 11 10 11 11 11 11 11 10 11 10 11 10 11 10 11 10 11 10 13 13 14 15 14 15 14 15 13 13 13 13 14 15 16 16 19 19 16 16
0 0 0 0 0 0 0 3 25 37 52 53 43 42 43 42 44 45 44 43 51 51 52 53 52 52 52 53 52 53 44 43 43 45 31 31 26 25 24 21 18 18 16 14 18 18 16 16 14 13 12 12 13 13 12 11 10 10 10 10 12 11 12 12 12 12 12 12 12 12 12 12 12 12 12 12 12 12 12 12 13 12 15 16 17 17 16 16 13 14 15 15 14 14 18 18 20 20 20 18
0 0 0 0 0 0 0 6 49 67 89 89 74 73 74 73 74 73 74 73 89 89 89 89 89 89 89 89 89 89 74 73 72 73 45 45 39 36 36 31 25 25 23 19 26 26 21 21 17 16 13 13 16 16 13 13 10 10 10 10 13 13 13 13 13 13 13 13 13 13 13 13 13 13 13 13 13 13 13 13 13 11 16 16 19 19 17 16 13 14 17 16 13 13 20 20 20 20 23 19
0 0 0 0 0 0 0 11 63 103 138 146 131 129 131 129 131 129 131 129 144 142 139 137 139 137 143 143 144 142 131 129 126 124 106 107 101 93 75 67 54 51 38 35 33 31 26 26 22 21 17 17 19 19 16 16 13 13 13 13 15 15 14 14 14 14 14 14 14 14 14 14 13 13 14 14 16 14 14 14 15 14 20 20 26 28 29 26 27 25 32 31 30 30 37 37 35 44 53 48
0 0 0 0 0 0 0 16 77 139 187 203 188 185 188 185 188 185 188 185 198 194 188 185 188 185 197 197 198 194 188 185 179 175 167 168 163 149 114 103 82 77 53 50 40 36 30 31 26 26 21 21 21 21 19 19 16 16 16 16 16 16 14 15 15 15 15 15 15 15 15 15 13 13 14 15 18 14 14 15 16 16 23 23 32 36 40 36 40 36 46 46 46 46 54 54 49 67 82 77
0 0 0 0 0 0 0 29 89 148 195 210 198 192 198 192 196 194 196 194 203 202 201 197 198 192 200 200 202 199 193 191 188 185 182 183 180 173 152 145 113 110 84 77 54 49 35 34 34 32 26 26 24 24 21 21 19 18 18 18 18 18 15 16 16 16 16 16 16 16 16 16 15 15 15 16 17 15 15 16 17 15 23 23 31 34 39 36 39 36 44 46 42 41 60 60 72 80 97 93
0 0 0 0 0 0 0 41 101 157 202 216 207 199 207 199 203 203 203 203 207 209 213 208 207 199 202 203 206 203 197 197 197 194 197 197 197 197 189 186 143 143 114 103 68 62 40 36 42 38 30 31 26 26 23 23 21 19 19 19 19 19 16 16 17 17 17 17 17 17 17 17 16 16 16 16 16 16 16 16 18 14 22 22 29 32 37 36 37 36 42 45 37 36 65 66 95 93 112 109
0 0 0 0 0 0 0 41 101 157 195 210 202 198 205 201 203 203 200 200 207 209 211 208 207 201 206 206 209 208 205 205 203 202 203 203 206 205 198 193 170 170 147 139 91 83 54 49 44 42 39 38 32 31 27 27 26 22 23 21 23 21 18 18 18 18 18 18 18 18 18 18 18 18 18 18 18 18 18 18 20 17 22 21 25 27 32 30 32 30 34 36 35 36 69 78 102 104 114 110
0 0 0 0 0 0 0 41 101 157 187 203 197 197 202 203 202 203 197 197 207 209 209 208 206 203 209 208 212 212 212 212 208 210 209 208 214 213 207 199 197 197 179 175 114 103 68 62 46 46 47 44 38 36 30 31 31 25 26 23 26 23 19 19 19 19 19 19 19 19 19 19 19 19 19 19 19 19 19 19 21 19 21 19 21 21 26 23 26 23 26 26 32 36 73 89 108 114 116 110
0 0 0 0 0 0 0 41 101 157 187 203 202 198 202 203 205 206 202 200 207 209 211 210 207 207 213 211 213 213 213 213 212 214 212 211 213 213 207 201 200 200 188 186 138 123 86 77 57 54 47 45 39 36 34 34 31 28 25 23 25 23 20 19 20 19 20 19 20 20 20 20 20 19 20 20 20 20 21 21 22 21 24 21 21 21 24 21 25 23 29 31 41 52 90 112 129 130 133 128
0 0 0 0 0 0 0 41 101 157 187 203 207 199 202 203 207 209 206 203 207 209 212 212 208 210 217 214 213 214 213 214 216 217 214 213 212 212 206 203 202 203 197 197 162 143 104 92 68 62 46 46 40 36 38 36 30 31 23 23 23 23 21 19 21 19 21 19 21 21 21 21 21 19 21 21 21 21 23 23 23 23 26 23 21 21 21 19 23 23 32 36 49 67 106 135 150 145 150 145
0 0 0 0 0 0 0 41 101 157 195 210 207 201 205 206 207 209 207 206 208 209 212 212 212 214 218 218 217 217 217 217 218 219 218 215 212 212 209 208 202 203 202 200 176 165 133 118 86 77 57 54 43 41 42 41 36 35 31 30 27 27 24 23 22 21 22 21 24 24 24 22 22 21 24 22 22 22 25 23 23 23 26 23 24 24 26 25 28 30 41 52 78 101 129 155 165 160 159 155
0 0 0 0 0 0 0 41 101 157 202 216 206 203 207 209 207 209 207 209 209 208 212 212 215 217 219 221 220 220 220 220 219 221 222 217 212 212 212 212 202 203 206 203 189 186 162 143 104 92 68 62 46 46 46 46 42 38 38 36 30 31 26 26 23 23 23 23 26 26 26 23 23 23 26 23 23 23 26 23 23 23 26 23 26 26 30 31 32 36 49 67 106 135 152 175 179 175 168 165
0 0 0 0 0 0 0 41 101 157 202 216 209 208 207 204 207 209 207 209 211 210 214 215 215 217 219 221 220 220 220 220 219 221 220 216 212 212 212 212 206 206 206 203 196 195 176 165 133 118 86 77 57 54 50 50 44 42 40 37 36 35 32 31 28 27 25 25 28 29 29 27 25 25 26 25 23 23 25 23 28 27 26 25 29 31 42 43 41 52 71 88 127 153 172 184 184 181 176 174
0 0 0 0 0 0 0 41 101 157 202 216 212 212 207 199 207 209 207 209 212 212 215 217 215 217 219 221 220 220 220 220 219 221 217 214 212 212 212 212 209 208 206 203 202 203 189 186 162 143 104 92 68 62 54 54 46 46 42 38 42 38 38 36 32 30 26 26 30 31 32 30 26 26 26 26 23 23 23 23 32 30 26 26 32 36 54 54 49 67 92 108 147 171 192 192 189 186 183 182
0 0 0 0 0 0 0 41 101 157 202 216 212 212 207 201 207 209 208 209 212 212 215 217 216 218 219 221 220 220 220 220 220 221 218 216 213 213 212 212 211 210 207 201 205 206 198 195 180 169 134 121 91 83 68 66 57 54 48 46 44 42 39 36 37 34 29 31 36 35 31 31 28 29 28 29 27 27 28 30 32 33 36 36 43 43 64 72 78 101 122 142 161 181 192 192 191 189 190 190
0 0 0 0 0 0 0 41 101 157 202 216 212 212 206 203 207 209 209 208 212 212 215 217 217 218 219 221 220 220 220 220 220 220 218 218 214 213 212 212 212 212 207 199 207 209 206 203 198 194 163 149 114 103 82 77 68 62 54 54 46 46 40 36 42 38 32 36 42 38 30 31 30 31 30 31 30 31 32 36 32 36 46 46 53 50 73 89 106 135 152 175 175 191 192 192 192 192 197 197
0 0 0 0 0 0 0 41 101 157 202 216 213 210 207 201 207 209 211 210 212 212 215 217 217 218 219 221 220 220 220 220 220 220 218 218 216 214 212 212 215 215 208 204 210 211 210 209 202 199 185 176 156 149 123 113 94 89 64 64 59 60 55 51 48 44 43 43 48 44 42 41 42 41 42 41 42 41 51 51 51 51 69 77 74 75 99 119 139 153 172 184 186 194 195 195 197 198 206 205
0 0 0 0 0 0 0 41 101 157 202 216 213 208 207 199 207 209 212 212 212 212 215 217 217 218 219 221 220 220 220 220 220 220 218 218 217 214 212 212 217 218 209 208 212 212 214 214 206 203 206 203 198 194 163 149 119 115 74 73 72 73 69 66 53 50 53 50 53 50 53 50 53 50 53 50 53 50 69 66 69 66 92 108 95 99 124 149 172 171 192 192 197 197 197 197 202 203 214 213
0 0 0 0 0 0 0 42 101 157 202 216 213 208 207 199 207 209 212 212 213 213 215 217 217 218 220 221 221 220 221 220 221 220 219 218 217 214 213 213 216 218 212 211 210 211 212 211 208 206 208 206 204 201 185 179 163 159 129 130 124 124 116 108 92 94 92 94 92 94 86 83 86 83 86 83 86 83 95 95 104 101 118 126 131 134 150 170 185 184 195 193 202 200 203 203 208 209 216 216
0 0 0 0 0 0 0 43 101 157 202 216 213 208 207 199 207 209 212 212 214 213 215 217 217 218 221 220 221 220 221 220 221 220 219 218 217 214 214 213 215 217 214 213 207 209 209 208 209 208 209 208 209 208 207 209 206 203 184 186 176 175 163 149 131 138 131 138 131 138 119 115 119 115 119 115 119 115 121 123 139 135 143 143 167 168 175 191 197 197 198 194 206 203 209 208 213 214 218 218
0 0 0 0 0 0 0 43 101 157 205 219 213 210 205 201 207 209 212 212 214 213 215 217 218 218 222 221 222 221 222 221 222 221 220 219 218 216 215 215 217 218 214 213 210 212 212 211 212 211 212 211 212 211 208 210 210 209 201 202 199 198 191 184 172 176 173 173 165 166 154 150 154 150 154 151 151 149 150 149 159 155 159 167 182 183 189 197 203 204 207 206 211 210 214 213 217 218 222 222
0 0 0 0 0 0 0 43 101 157 208 221 212 212 202 203 207 209 212 212 214 213 215 217 219 218 222 222 222 222 222 222 222 222 221 220 219 218 216 217 219 218 214 213 213 214 214 213 214 213 214 213 214 213 208 210 213 214 218 218 221 220 219 218 213 214 214 208 198 194 188 185 188 185 189 186 183 182 179 175 179 175 175 191 197 197 202 203 208 210 216 217 216 217 218 218 221 222 225 226
0 0 0 0 0 0 0 43 108 163 208 221 213 210 202 203 210 211 212 212 215 215 216 218 220 219 221 221 221 222 221 222 221 222 220 219 218 218 218 219 219 218 216 216 216 217 216 216 216 216 214 213 214 214 215 215 218 219 221 221 223 222 221 220 218 218 216 211 205 203 199 197 197 194 196 195 190 190 188 185 188 186 189 197 203 203 208 209 215 215 219 220 220 220 221 222 224 225 229 230
0 0 0 0 0 0 0 43 115 169 208 221 213 208 202 203 212 212 212 212 215 217 217 218 220 220 220 220 219 221 219 221 219 221 219 218 217 218 219 221 219 218 217 218 219 219 218 218 217 218 214 213 213 214 221 220 223 223 224 224 224 224 223 222 222 222 217 214 212 212 209 208 206 203 202 203 197 197 197 194 197 197 202 203 209 208 213 214 221 220 221 222 223 223 224 225 227 228 232 233
0 0 0 0 0 0 2 50 115 169 208 221 213 208 204 203 212 212 212 212 215 217 218 220 221 221 221 221 220 222 220 222 220 222 220 219 218 218 219 221 219 220 218 218 219 219 219 219 217 218 215 215 216 218 224 224 225 225 224 224 223 223 223 222 218 218 217 216 213 213 211 208 206 203 206 206 203 203 203 201 203 203 205 207 214 213 219 220 225 223 223 224 224 224 225 225 228 229 234 235
0 0 0 0 0 0 3 57 115 169 208 221 213 208 206 203 212 212 212 212 215 217 219 221 221 221 221 221 221 222 221 222 221 222 221 220 218 218 219 221 219 221 219 218 219 219 219 219 216 217 216 217 219 221 227 227 227 227 224 224 222 222 223 222 214 213 217 218 214 213 213 208 206 203 209 208 209 208 209 208 209 208 208 210 218 218 224 225 229 226 224 225 224 225 226 225 228 230 235 237
0 0 0 0 0 0 7 62 125 178 208 221 213 208 210 206 210 211 212 212 215 217 219 221 220 221 222 222 223 223 223 224 225 225 223 223 221 221 221 222 220 222 220 219 220 221 220 221 219 220 219 220 220 221 225 225 225 225 223 223 222 222 222 221 217 216 216 216 214 213 214 211 210 208 211 211 211 211 213 213 214 213 215 215 221 222 227 227 229 228 227 228 227 228 229 229 231 232 235 237
0 0 0 0 0 0 10 66 135 186 208 221 213 208 213 208 207 209 212 212 215 217 219 221 219 221 222 222 224 224 225 226 228 227 224 225 223 223 223 223 221 222 221 220 221 222 221 222 221 222 221 222 221 220 222 222 223 222 222 222 222 222 221 220 219 218 214 213 214 213 214 213 214 213 213 214 213 214 216 217 218 218 221 220 224 225 229 228 229 229 230 230 230 230 232 233 234 234 235 237
0 0 0 0 0 0 10 66 135 186 214 221 214 208 213 210 210 211 214 215 215 217 219 221 219 221 222 222 224 224 226 227 230 229 227 227 226 226 226 225 223 224 224 222 223 223 223 223 223 223 223 223 221 220 222 222 223 222 222 222 222 221 223 222 221 220 216 216 216 216 216 216 216 216 217 218 217 218 221 222 223 223 226 225 229 229 231 231 231 231 234 234 234 234 235 236 237 237 236 237
0 0 0 0 0 0 10 66 135 186 219 221 214 208 212 212 212 212 215 217 215 217 219 221 219 221 222 222 224 224 227 228 232 230 229 229 229 229 228 227 225 226 227 224 224 224 224 224 224 224 224 224 221 220 222 222 223 222 222 222 221 220 224 224 223 222 218 218 218 218 218 218 218 218 221 222 221 222 225 226 228 227 230 230 233 232 232 234 232 233 237 237 237 237 237 238 239 240 237 237
0 0 0 0 0 0 10 66 135 186 219 221 216 211 212 212 212 212 215 217 216 218 220 221 220 221 222 222 224 224 227 228 231 230 229 231 230 230 229 229 227 227 228 226 226 226 226 226 226 226 226 226 224 223 223 224 224 223 222 222 221 220 224 224 224 223 221 221 221 220 221 221 223 223 225 225 225 226 229 229 230 231 233 233 235 234 235 236 235 235 240 240 239 239 239 239 240 240 238 239
0 0 0 0 0 0 10 66 135 186 219 221 217 214 212 212 212 212 215 217 217 218 221 220 221 220 222 222 224 224 227 228 229 229 229 232 231 231 230 230 229 228 228 227 227 227 227 227 227 227 227 227 226 226 224 225 224 224 222 222 221 220 224 224 224 224 224 224 223 222 223 223 228 227 228 227 228 230 232 231 232 234 236 235 236 235 237 237 237 237 242 242 240 240 240 240 240 239 239 240
0 0 0 0 0 0 10 66 135 186 217 219 218 216 210 211 212 212 215 215 217 218 222 222 221 220 222 222 224 224 227 228 230 231 230 232 231 231 230 230 230 229 229 228 228 228 228 228 228 228 228 228 226 226 226 227 226 226 223 224 223 223 225 225 224 225 224 225 224 224 225 226 229 229 229 229 230 232 234 233 235 236 237 236 237 236 238 239 238 239 242 242 240 240 240 240 240 239 239 241
0 0 0 0 0 0 10 66 135 186 215 217 218 217 207 209 212 212 214 213 217 218 223 223 221 220 222 222 223 223 227 228 231 232 231 232 231 231 230 230 230 229 229 229 229 229 229 229 229 229 229 229 225 226 227 228 228 227 224 225 225 226 226 225 224 225 224 225 224 225 227 228 230 230 230 230 232 233 236 235 237 237 237 237 237 237 239 240 239 240 242 242 240 240 239 239 240 239 239 241
0 0 0 0 0 0 14 77 135 186 216 217 216 215 208 210 213 213 216 216 219 220 225 226 222 222 223 224 225 226 228 229 232 232 231 232 231 231 230 230 230 230 230 230 230 230 230 230 230 230 230 230 228 228 228 228 228 229 226 228 228 228 229 229 229 229 228 228 229 229 230 231 232 232 233 233 234 234 237 237 238 239 238 239 238 239 241 241 240 241 242 242 241 241 241 241 241 241 241 242
0 0 0 0 0 0 18 88 135 186 216 217 214 213 208 210 213 214 218 218 221 222 227 228 223 223 224 225 227 228 228 230 232 231 231 232 230 230 230 230 230 230 230 230 230 230 230 230 230 230 230 230 230 230 229 228 228 230 228 230 230 230 232 233 233 232 232 231 233 232 232 233 234 234 236 235 236 235 237 238 239 241 239 240 239 240 242 242 241 241 241 241 242 242 242 242 242 242 242 242
0 0 0 0 0 0 18 88 135 186 218 219 214 213 213 212 215 216 219 220 222 222 227 228 225 224 224 225 228 229 230 231 232 231 232 233 233 233 233 233 233 233 233 233 233 233 233 233 233 233 233 233 232 231 231 230 230 231 230 231 232 233 235 236 235 234 233 233 234 234 233 234 237 237 238 237 238 238 237 238 239 241 241 241 239 240 242 242 241 241 241 241 242 242 244 244 244 244 244 244
0 0 0 0 0 0 18 88 135 186 219 221 214 213 217 214 217 218 219 221 222 222 227 228 227 224 224 225 229 229 231 232 232 230 232 234 236 235 236 235 236 235 236 235 236 235 236 235 236 235 236 235 233 232 232 231 232 231 232 231 234 235 237 238 236 235 234 234 234 235 234 234 239 240 240 239 239 240 237 237 239 240 242 242 239 240 242 242 241 241 241 241 242 242 245 245 245 245 245 245
0 0 0 0 0 0 18 88 135 186 222 223 214 211 215 213 216 218 219 221 222 222 227 228 227 226 226 227 229 229 231 232 231 231 233 235 235 235 235 235 235 235 235 235 235 235 235 235 235 235 235 235 234 234 234 233 232 233 233 233 234 235 237 238 236 236 235 235 234 235 236 236 239 240 241 240 239 240 240 240 241 241 244 244 242 243 244 244 243 243 243 243 243 243 245 245 245 245 245 245
0 0 0 0 0 0 18 88 135 186 224 225 213 208 212 212 215 217 219 221 222 222 227 228 227 227 227 228 229 229 231 231 229 232 234 235 234 235 234 235 234 235 234 235 234 235 234 235 234 235 234 235 234 235 235 235 232 234 234 235 234 235 237 237 236 236 236 236 234 234 237 238 238 239 241 241 239 240 242 242 242 242 245 245 245 245 245 245 244 244 244 244 243 243 244 244 245 245 244 244
0 0 0 0 0 0 18 88 145 195 226 228 214 208 215 213 215 217 219 221 222 222 226 227 227 228 227 228 229 229 231 231 230 231 234 235 235 235 235 235 235 235 235 235 235 235 235 235 235 235 235 235 234 234 234 234 233 234 235 235 236 236 238 238 237 237 237 237 237 237 238 239 240 240 243 243 241 241 242 242 244 244 247 247 247 247 247 247 246 246 244 244 243 243 244 244 245 245 244 244
0 0 0 0 0 0 18 88 155 203 228 230 214 208 217 214 215 217 219 221 221 222 224 225 227 228 227 228 229 229 231 231 230 230 234 235 236 235 236 235 236 235 236 235 236 235 236 235 236 235 236 235 233 232 232 233 234 234 236 235 237 237 238 239 238 238 238 238 239 240 239 240 241 241 244 244 242 242 242 242 245 245 248 248 248 248 248 248 247 247 244 244 243 243 244 244 245 245 244 244
0 0 0 0 0 0 18 88 155 203 229 230 218 213 216 214 216 218 220 222 223 224 226 228 228 229 228 229 231 231 233 233 232 233 236 237 238 237 238 237 238 237 238 237 238 237 238 238 238 238 238 238 236 236 236 237 237 237 237 236 238 239 239 240 239 239 239 239 241 241 241 241 243 243 245 245 244 244 244 244 246 246 248 248 247 247 247 247 246 246 245 245 244 244 244 244 245 245 245 245
0 0 0 0 0 0 18 88 155 203 230 229 222 217 214 213 217 218 221 222 225 226 228 230 229 229 228 230 232 232 234 234 234 235 237 238 239 239 239 239 239 239 239 239 239 239 240 240 240 240 240 240 239 240 239 240 240 239 237 237 239 240 239 240 239 240 239 240 242 242 242 242 245 245 245 245 246 246 245 245 246 246 248 248 245 245 245 245 245 245 245 245 244 244 244 244 245 245 245 245
0 0 0 0 0 0 27 96 155 203 230 228 220 218 217 217 218 220 223 223 227 228 230 231 229 229 230 231 233 233 235 235 235 235 237 238 240 240 240 240 240 240 240 240 240 240 241 241 241 241 241 241 241 241 240 240 240 240 238 239 241 241 241 241 242 243 242 243 244 244 244 244 245 245 247 247 247 247 246 246 246 246 248 248 245 245 245 245 247 247 245 245 244 244 244 244 244 244 245 245
0 0 0 0 0 0 36 104 155 203 229 226 218 218 219 221 219 221 224 224 229 229 231 232 229 229 232 231 233 233 235 235 236 235 237 238 240 240 240 240 240 240 240 240 240 240 241 241 241 241 241 241 242 242 240 239 239 240 239 240 242 242 242 242 245 245 245 245 245 245 245 245 245 245 248 248 247 247 246 246 246 246 248 248 245 245 245 245 248 248 245 245 244 244 244 244 242 242 245 245
0 0 0 0 0 3 36 104 155 203 229 228 221 220 218 220 219 221 224 224 229 229 231 232 230 231 232 233 234 234 235 235 236 235 238 240 241 241 241 241 241 241 241 241 241 241 242 242 242 242 242 242 242 242 241 241 241 241 241 241 243 243 243 243 245 245 245 245 245 245 245 245 246 246 249 249 248 248 246 246 246 246 248 248 247 247 247 247 248 248 245 245 243 243 245 245 242 242 245 245
0 0 0 0 0 6 36 104 155 203 228 230 223 222 217 218 219 221 224 224 229 229 231 232 231 232 232 234 234 234 235 235 236 235 239 241 241 241 241 241 241 241 241 241 241 241 242 242 242 242 242 242 242 242 242 242 242 242 242 242 243 243 244 244 245 245 244 244 245 245 245 245 247 247 249 249 248 248 245 245 245 245 248 248 248 248 248 248 248 248 245 245 242 242 245 245 242 242 245 245
0 0 0 0 0 6 36 104 155 203 228 229 221 220 215 216 219 221 224 224 229 229 231 232 231 232 233 235 235 235 236 236 236 236 239 241 242 242 242 242 242 242 242 242 242 242 243 243 243 243 243 243 243 243 243 243 243 243 243 243 244 244 244 244 245 245 245 245 247 247 247 247 248 248 249 249 248 248 247 247 247 247 248 248 248 248 247 247 248 248 245 245 244 244 247 247 244 244 247 247
0 0 0 0 0 6 36 104 155 203 227 227 219 218 213 214 219 221 224 224 229 229 231 232 231 232 234 235 235 235 236 236 235 237 239 240 242 242 242 242 242 242 242 242 242 242 243 243 243 243 243 243 243 243 243 243 243 243 244 244 245 245 244 244 244 244 245 245 248 248 248 248 248 248 249 249 248 248 248 248 248 248 248 248 248 248 245 245 248 248 245 245 245 245 248 248 245 245 248 248
0 0 0 0 0 6 36 104 158 204 226 227 221 218 216 218 219 221 224 224 229 230 232 233 232 233 235 235 235 235 236 236 236 238 239 241 242 242 242 242 242 242 242 242 242 242 243 243 243 243 243 243 244 244 244 244 244 244 245 245 246 246 245 245 245 245 245 245 247 247 248 248 248 248 249 249 249 249 248 248 249 249 249 249 250 250 247 247 248 248 245 245 247 247 248 248 247 247 250 250
0 0 0 0 0 6 36 104 160 205 225 226 223 218 219 221 219 221 223 223 228 230 232 233 232 234 235 235 235 235 236 236 237 238 239 241 241 241 242 242 242 242 242 242 242 242 242 242 242 242 242 242 244 244 244 244 244 244 245 245 246 246 245 245 245 245 245 245 245 245 248 248 248 248 248 248 249 249 248 248 249 249 250 250 252 252 248 248 248 248 245 245 248 248 248 248 248 248 252 252
0 0 0 0 0 6 36 104 158 204 226 227 223 220 221 222 220 222 225 226 230 232 234 235 233 235 234 234 236 236 236 236 237 238 239 241 241 241 242 242 242 242 242 242 242 242 244 244 243 243 243 243 244 244 245 245 245 245 245 245 246 246 246 246 247 247 247 247 247 247 248 248 250 250 250 250 250 250 249 249 250 250 251 251 250 250 248 248 248 248 245 245 247 247 248 248 248 248 252 252
0 0 0 0 0 6 36 104 155 203 227 228 223 222 222 222 221 222 227 228 232 234 235 237 234 235 232 233 236 236 236 236 237 237 239 241 241 241 242 242 242 242 242 242 242 242 245 245 243 243 243 243 244 244 245 245 245 245 244 244 245 245 246 246 248 248 248 248 248 248 248 248 252 252 252 252 251 251 250 250 250 250 251 251 248 248 248 248 248 248 245 245 245 245 248 248 248 248 252 252
0 0 0 0 0 6 36 104 158 204 228 229 223 220 222 221 222 223 227 228 232 234 235 237 234 235 233 234 237 237 237 237 239 238 239 241 242 242 243 243 243 243 243 243 244 244 247 247 244 244 244 244 245 245 245 245 245 245 245 245 245 245 247 247 248 248 247 247 248 248 248 248 250 250 252 252 252 252 251 251 251 251 251 251 250 250 250 250 250 250 245 245 246 246 248 248 248 248 250 250
0 0 0 0 0 6 36 104 160 205 228 230 223 218 221 220 222 223 227 228 232 234 235 237 234 235 234 234 237 238 237 238 240 239 239 241 243 243 243 243 243 243 243 243 245 245 248 248 245 245 245 245 245 245 245 245 245 245 245 245 245 245 247 247 248 248 245 245 247 247 247 247 248 248 252 252 252 252 252 252 251 251 251 251 251 251 251 251 252 252 245 245 246 246 247 247 248 248 248 248
0 0 0 0 0 6 47 115 172 213 228 229 223 221 223 222 221 222 227 228 232 234 235 237 234 235 235 235 238 239 237 238 240 239 239 241 243 243 243 243 243 243 243 243 245 245 248 248 245 245 245 245 245 245 245 245 246 246 245 245 246 246 247 247 248 248 245 245 247 247 247 247 250 250 252 252 252 252 252 252 252 252 251 251 251 251 251 251 252 252 247 247 247 247 247 247 248 248 248 248
0 0 0 0 0 6 58 126 183 220 228 228 223 223 224 224 219 221 227 228 232 234 235 237 234 235 236 235 239 240 237 238 240 239 239 240 243 243 243 243 243 243 243 243 245 245 248 248 245 245 245 245 245 245 245 245 247 247 245 245 246 246 246 246 248 248 245 245 247 247 247 247 252 252 252 252 252 252 252 252 252 252 251 251 251 251 250 250 252 252 248 248 247 247 247 247 248 248 248 248
0 0 0 0 0 6 58 126 183 220 227 227 225 224 224 224 221 222 227 228 232 233 235 236 234 235 236 235 238 239 237 238 240 239 239 240 243 243 244 244 244 244 244 244 245 245 247 247 246 246 246 246 245 245 247 247 248 248 247 247 247 247 247 247 248 248 247 247 248 248 248 248 252 252 252 252 253 253 252 252 250 250 252 252 252 252 251 251 252 252 248 248 248 248 248 248 248 248 247 247
0 0 0 0 0 6 58 126 183 220 225 226 227 224 224 224 222 222 227 227 231 232 235 235 234 235 236 235 237 238 237 238 240 239 239 240 242 242 245 245 245 245 245 245 245 245 245 245 246 246 246 246 245 245 248 248 248 248 248 248 248 248 248 248 248 248 248 248 248 248 248 248 252 252 252 252 253 253 252 252 248 248 252 252 252 252 252 252 252 252 248 248 248 248 248 248 248 248 245 245
0 0 0 0 0 6 68 133 189 225 230 227 226 224 226 226 223 223 226 227 230 231 234 234 235 236 237 236 237 238 238 239 240 240 239 240 241 241 244 244 245 245 245 245 245 245 245 245 248 248 248 248 247 247 248 248 248 248 248 248 248 248 248 248 250 250 250 250 250 250 250 250 252 252 252 252 253 253 252 252 248 248 252 252 252 252 252 252 252 252 248 248 248 248 250 250 250 250 245 245
0 0 0 0 0 6 77 139 195 229 234 228 224 224 228 228 223 223 225 226 228 230 232 233 235 237 237 237 237 237 239 240 239 240 239 240 239 240 242 242 245 245 245 245 245 245 245 245 249 249 249 249 248 248 248 248 248 248 248 248 248 248 248 248 252 252 252 252 252 252 252 252 252 252 252 252 252 252 251 251 248 248 252 252 252 252 252 252 252 252 248 248 248 248 252 252 252 252 245 245
0 0 0 0 0 11 77 139 195 229 234 228 224 223 228 228 226 226 228 229 230 232 234 235 236 238 237 238 237 238 239 241 239 241 241 241 241 241 244 244 245 245 245 245 246 246 247 247 249 249 249 249 248 248 248 248 248 248 248 248 248 248 250 250 252 252 252 252 252 252 252 252 252 252 252 252 252 252 252 252 250 250 252 252 252 252 250 250 250 250 248 248 248 248 252 252 252 252 245 245
0 0 0 0 0 16 77 139 195 229 234 228 223 222 228 228 229 229 231 232 232 234 235 237 237 238 237 238 237 238 239 241 239 241 242 242 242 242 245 245 245 245 245 245 247 247 248 248 249 249 249 249 248 248 248 248 248 248 248 248 248 248 252 252 251 251 251 251 252 252 252 252 252 252 252 252 252 252 252 252 252 252 252 252 252 252 248 248 248 248 248 248 248 248 252 252 252 252 245 245
0 0 0 0 0 16 77 139 195 229 234 228 225 225 225 225 228 229 230 231 232 234 236 238 237 237 237 238 238 239 241 242 241 242 244 244 245 245 247 247 245 245 247 247 248 248 249 249 250 250 250 250 248 248 248 248 248 248 248 248 248 248 252 252 252 252 252 252 252 252 252 252 252 252 252 252 252 252 252 252 252 252 252 252 252 252 250 250 250 250 248 248 250 250 252 252 252 252 247 247
0 0 0 0 0 16 77 139 195 229 234 228 227 227 222 222 227 228 228 230 232 233 237 238 236 235 237 237 239 240 242 242 242 242 245 245 248 248 248 248 245 245 248 248 248 248 249 249 250 250 250 250 248 248 248 248 248 248 248 248 248 248 252 252 252 252 252 252 252 252 252 252 252 252 252 252 252 252 252 252 252 252 252 252 252 252 252 252 252 252 248 248 252 252 252 252 252 252 248 248
0 0 0 0 0 16 77 139 195 229 232 228 226 227 226 226 228 228 229 231 233 234 237 238 237 236 238 239 239 240 242 242 242 242 247 247 248 248 247 247 245 245 248 248 248 248 249 249 251 251 251 251 250 250 250 250 250 250 250 250 250 250 252 252 253 253 253 253 253 253 253 253 254 254 254 254 254 254 253 253 253 253 253 253 252 252 252 252 253 253 250 250 252 252 252 252 252 252 248 248
0 0 0 0 0 16 77 139 195 229 229 228 225 226 229 229 229 228 229 232 234 234 237 237 237 237 239 241 239 240 242 242 242 242 248 248 248 248 245 245 245 245 248 248 248 248 248 248 252 252 252 252 252 252 252 252 252 252 252 252 252 252 252 252 253 253 253 253 253 253 253 253 255 255 255 255 255 255 254 254 253 253 253 253 252 252 252 252 254 254 252 252 252 252 252 252 252 252 248 248
0 0 0 0 0 16 77 139 195 229 233 232 227 227 229 229 229 229 229 232 235 236 237 238 237 238 239 241 241 241 242 242 244 244 247 247 248 248 247 247 247 247 248 248 248 248 248 248 252 252 252 252 252 252 252 252 252 252 252 252 252 252 252 252 254 254 253 253 253 253 253 253 255 255 255 255 255 255 254 254 254 254 254 254 252 252 252 252 254 254 253 253 252 252 252 252 252 252 248 248
0 0 0 0 0 16 77 139 195 229 236 235 229 228 229 228 229 229 229 232 235 237 237 238 237 238 239 240 242 242 242 242 245 245 245 245 248 248 248 248 248 248 248 248 248 248 248 248 252 252 252 252 252 252 252 252 252 252 252 252 252 252 252 252 254 254 253 253 252 252 252 252 255 255 255 255 255 255 254 254 254 254 254 254 252 252 252 252 254 254 253 253 252 252 252 252 252 252 248 248
0 0 0 0 0 11 77 139 195 229 238 236 229 227 230 229 229 231 232 234 236 236 237 238 238 240 239 240 242 242 243 243 245 245 245 245 248 248 248 248 249 249 249 249 250 250 250 250 252 252 252 252 252 252 253 253 253 253 253 253 253 253 253 253 254 254 253 253 252 252 252 252 254 254 254 254 254 254 253 253 255 255 255 255 253 253 253 253 255 255 254 254 253 253 252 252 252 252 250 250
0 0 0 0 0 6 77 139 195 229 239 237 229 226 230 229 229 232 234 235 236 235 237 238 239 241 239 240 241 241 244 244 245 245 245 245 248 248 248 248 249 249 249 249 252 252 252 252 251 251 251 251 252 252 254 254 254 254 254 254 254 254 254 254 254 254 253 253 252 252 251 251 253 253 253 253 252 252 252 252 255 255 255 255 254 254 254 254 255 255 254 254 253 253 252 252 252 252 252 252
0 0 0 0 0 6 77 139 195 229 238 237 228 225 230 229 229 232 236 237 237 236 237 238 240 240 240 240 241 242 244 244 245 245 247 247 248 248 248 248 249 249 249 249 252 252 252 252 251 251 251 251 252 252 254 254 254 254 254 254 254 254 254 254 254 254 253 253 252 252 251 251 253 253 253 253 252 252 252 252 255 255 255 255 254 254 254 254 255 255 255 255 254 254 253 253 252 252 252 252
0 0 0 0 0 6 77 139 195 229 237 237 227 224 229 228 229 232 237 238 237 237 237 238 240 239 240 239 241 242 244 244 245 245 248 248 248 248 248 248 248 248 249 249 252 252 252 252 251 251 251 251 252 252 254 254 254 254 254 254 254 254 254 254 254 254 253 253 252 252 251 251 253 253 253 253 252 252 252 252 255 255 255 255 254 254 254 254 255 255 255 255 254 254 253 253 252 252 252 252
0 0 0 0 0 6 68 133 195 229 239 238 227 224 230 229 230 232 236 238 237 238 238 240 240 239 240 239 240 241 243 243 245 245 248 248 248 248 247 247 248 248 249 249 250 250 250 250 251 251 251 251 252 252 254 254 254 254 254 254 254 254 254 254 254 254 253 253 253 253 252 252 254 254 253 253 253 253 254 254 255 255 255 255 254 254 254 254 255 255 255 255 255 255 254 254 252 252 252 252
0 0 0 0 0 6 58 126 195 229 240 239 227 224 230 229 231 232 235 237 237 238 239 241 240 239 240 239 239 240 242 242 245 245 248 248 248 248 245 245 248 248 248 248 248 248 248 248 251 251 251 251 252 252 254 254 254 254 254 254 254 254 254 254 254 254 253 253 253 253 253 253 254 254 253 253 254 254 255 255 255 255 255 255 254 254 254 254 255 255 255 255 255 255 254 254 252 252 252 252
0 0 0 0 0 6 58 126 189 225 239 238 227 225 230 228 230 232 237 239 239 239 241 242 241 241 241 241 241 241 242 242 244 244 247 247 248 248 247 247 248 248 250 250 250 250 250 250 251 251 251 251 253 253 254 254 254 254 254 254 254 254 254 254 254 254 254 254 253 253 253 253 255 255 254 254 255 255 255 255 255 255 255 255 254 254 254 254 255 255 255 255 255 255 254 254 252 252 252 252
0 0 0 0 0 6 58 126 183 220 237 237 226 225 229 226 229 232 239 241 240 239 242 242 242 242 242 242 242 242 242 242 242 242 245 245 248 248 248 248 248 248 252 252 252 252 252 252 251 251 251 251 253 253 254 254 254 254 254 254 254 254 254 254 254 254 254 254 253 253 253 253 255 255 255 255 255 255 255 255 255 255 255 255 254 254 254 254 255 255 255 255 254 254 254 254 252 252 252 252
0 0 0 0 0 11 68 133 183 220 239 238 230 227 229 229 229 231 237 238 239 239 240 240 241 242 242 242 243 243 244 244 245 245 246 246 249 249 250 250 250 250 252 252 252 252 252 252 252 252 252 252 254 254 254 254 254 254 254 254 254 254 254 254 255 255 255 255 254 254 254 254 254 254 254 254 254 254 254 254 253 253 253 253 255 255 255 255 255 255 254 254 254 254 254 254 253 253 252 252
0 0 0 0 0 16 77 139 183 220 240 239 234 228 229 232 228 230 234 235 237 238 237 238 239 241 242 242 244 244 245 245 247 247 247 247 250 250 251 251 252 252 252 252 252 252 252 252 252 252 252 252 254 254 254 254 254 254 254 254 254 254 254 254 255 255 255 255 255 255 255 255 252 252 252 252 252 252 252 252 251 251 251 251 255 255 255 255 254 254 253 253 253 253 253 253 253 253 252 252
0 0 0 0 0 11 68 133 183 220 243 242 233 231 231 233 230 231 235 236 237 238 237 238 239 241 242 242 244 244 245 245 247 247 247 247 250 250 251 251 252 252 252 252 252 252 252 252 252 252 252 252 254 254 254 254 254 254 254 254 254 254 254 254 255 255 255 255 255 255 255 255 252 252 252 252 252 252 252 252 251 251 251 251 255 255 255 255 254 254 254 254 254 254 254 254 253 253 252 252
0 0 0 0 0 6 58 126 183 220 245 244 232 234 232 234 231 232 235 237 237 238 237 238 239 240 242 242 244 244 245 245 247 247 247 247 249 249 251 251 252 252 252 252 252 252 252 252 252 252 252 252 254 254 254 254 254 254 254 254 254 254 254 254 255 255 255 255 255 255 254 254 252 252 252 252 252 252 252 252 251 251 251 251 255 255 255 255 254 254 254 254 254 254 254 254 253 253 252 252
0 0 0 0 0 6 58 126 183 220 239 238 230 231 231 232 230 232 235 237 237 238 238 239 239 240 243 243 245 245 245 245 248 248 248 248 250 250 251 251 252 252 252 252 252 252 252 252 252 252 252 252 253 253 253 253 254 254 254 254 254 254 254 254 254 254 254 254 254 254 253 253 252 252 252 252 253 253 253 253 251 251 251 251 255 255 255 255 254 254 254 254 255 255 254 254 253 253 252 252
0 0 0 0 0 6 58 126 183 220 233 232 228 228 230 229 229 232 235 237 237 237 239 240 238 239 244 244 245 245 245 245 248 248 248 248 250 250 251 251 252 252 252 252 252 252 252 252 252 252 252 252 252 252 252 252 254 254 254 254 254 254 254 254 252 252 252 252 252 252 252 252 252 252 252 252 254 254 254 254 251 251 251 251 255 255 255 255 254 254 254 254 255 255 254 254 252 252 252 252
0 0 0 0 0 6 58 126 183 220 234 230 225 225 232 229 231 233 235 237 238 239 239 241 240 240 243 243 245 245 247 247 248 248 248 248 250 250 251 251 251 251 251 251 252 252 252 252 252 252 252 252 252 252 252 252 254 254 254 254 254 254 253 253 252 252 252 252 252 252 252 252 252 252 252 252 255 255 255 255 251 251 251 251 255 255 255 255 255 255 255 255 255 255 254 254 252 252 252 252
0 0 0 0 0 6 58 126 183 220 235 227 221 222 234 228 232 234 235 237 239 241 239 241 241 241 241 241 245 245 248 248 248 248 248 248 249 249 250 250 250 250 250 250 252 252 252 252 252 252 252 252 252 252 252 252 254 254 254 254 253 253 252 252 252 252 252 252 252 252 252 252 252 252 252 252 255 255 255 255 251 251 251 251 255 255 255 255 255 255 255 255 254 254 253 253 252 252 252 252
0 0 0 0 0 6 58 126 183 220 234 231 227 226 235 228 230 231 234 236 238 239 239 241 242 242 242 242 245 245 247 247 247 247 248 248 249 249 250 250 249 249 249 249 250 250 252 252 252 252 252 252 252 252 252 252 254 254 254 254 253 253 252 252 252 252 252 252 253 253 253 253 253 253 253 253 255 255 255 255 251 251 251 251 255 255 255 255 255 255 255 255 255 255 254 254 252 252 252 252
0 0 0 0 0 6 58 126 183 220 232 234 232 230 235 227 227 228 232 234 237 237 239 241 242 242 242 242 245 245 245 245 245 245 248 248 248 248 249 249 247 247 247 247 248 248 252 252 252 252 252 252 252 252 252 252 254 254 254 254 252 252 252 252 252 252 252 252 254 254 254 254 254 254 254 254 254 254 254 254 251 251 251 251 255 255 255 255 255 255 255 255 255 255 254 254 252 252 252 252
0 0 0 0 0 6 47 115 169 212 230 231 230 229 232 228 227 228 234 236 239 238 239 241 240 240 244 243 242 243 245 245 245 245 248 248 249 249 249 249 247 247 249 249 250 250 252 252 252 252 250 250 252 252 253 253 254 254 254 254 252 252 252 252 252 252 252 252 255 255 254 254 254 254 254 254 254 254 254 254 251 251 251 251 255 255 255 255 255 255 255 255 255 255 254 254 252 252 252 252
0 0 0 0 0 6 36 104 155 203 228 228 228 228 228 228 227 228 235 237 240 239 239 241 237 238 245 244 239 241 245 245 245 245 248 248 249 249 249 249 247 247 251 251 252 252 252 252 252 252 248 248 252 252 253 253 254 254 254 254 252 252 252 252 252 252 252 252 255 255 254 254 254 254 254 254 254 254 254 254 251 251 251 251 255 255 255 255 255 255 255 255 255 255 254 254 252 252 252 252
0 0 0 0 0 3 27 96 152 181 208 208 210 212 220 219 219 219 233 234 235 235 234 235 236 237 241 241 241 242 245 245 245 245 248 248 249 249 249 249 248 248 252 252 252 252 252 252 252 252 248 248 252 252 253 253 253 253 253 253 252 252 252 252 252 252 252 252 255 255 254 254 254 254 255 255 254 254 254 254 251 251 251 251 255 255 255 255 255 255 255 255 255 255 255 255 253 253 253 253
0 0 0 0 0 0 18 88 148 159 187 187 191 195 211 210 210 210 230 230 230 230 228 228 235 235 237 238 242 242 245 245 245 245 248 248 248 248 248 248 248 248 252 252 252 252 252 252 252 252 248 248 252 252 252 252 252 252 252 252 252 252 252 252 251 251 251 251 255 255 253 253 253 253 255 255 254 254 254 254 251 251 251 251 255 255 255 255 255 255 255 255 255 255 255 255 254 254 253 253
0 0 0 0 0 0 9 65 115 124 138 139 147 151 174 179 179 185 198 203 211 213 220 219 229 228 234 234 238 238 242 241 242 243 247 246 247 246 248 248 248 248 250 250 250 250 252 252 252 252 250 250 252 252 252 252 252 252 252 252 252 252 252 252 251 251 251 251 255 255 254 254 254 254 255 255 254 254 254 254 251 251 251 251 255 255 255 255 255 255 255 255 255 255 255 255 254 254 253 253
0 0 0 0 0 0 0 41 81 89 89 91 103 106 137 148 148 159 165 175 191 195 211 210 222 221 230 230 234 234 239 237 239 241 245 244 245 244 248 248 248 248 248 248 248 248 252 252 252 252 252 252 252 252 252 252 252 252 252 252 252 252 252 252 251 251 251 251 255 255 254 254 254 254 255 255 254 254 254 254 251 251 251 251 255 255 255 255 255 255 255 255 255 255 255 255 254 254 253 253
0 0 0 0 0 0 1 35 64 69 76 78 83 85 110 116 115 122 130 137 157 162 177 180 189 194 201 205 214 216 220 220 232 235 238 239 236 238 244 244 246 246 243 244 244 245 249 249 252 252 253 253 253 253 252 252 251 251 251 251 252 252 253 253 253 253 253 253 255 255 255 255 255 255 255 255 254 254 255 255 253 253 253 253 255 255 255 255 255 255 255 255 255 255 255 255 253 253 252 252
